.Random.seed <-
c(403L, 10L, -31373144L, -852728149L, 78500809L, -1892290600L, 
1786652294L, -1149558943L, -1597353229L, 1089039714L, 713313236L, 
-672125225L, 1785713869L, -1446120348L, 1881021002L, -792821835L, 
-1226956017L, -2106253290L, -1182094656L, 2098531459L, 1687214241L, 
413290128L, -1626444434L, -673498343L, -852738133L, -955474534L, 
-192427684L, 1714659423L, 708562997L, 760341452L, -234985694L, 
1356077437L, -588918153L, -1280840802L, -1636427176L, -1747004485L, 
1759982937L, 1686621928L, 1007644438L, -994467695L, -174990013L, 
1786062930L, 1182374628L, -435634905L, -1252891267L, -293507980L, 
382334554L, 1462317733L, -817555265L, -2057868474L, 1749096912L, 
783215603L, -1834167535L, 2018140992L, -945018082L, 1701606377L, 
-425043685L, -25087190L, 884470860L, 363887631L, -2394299L, 2064965884L, 
799035218L, 1894318285L, -873860985L, 351744878L, 1841825096L, 
550465867L, 852755625L, -1885858312L, 173432102L, -391578047L, 
-616335405L, 1256566146L, -386072140L, -228692681L, -1732040659L, 
525997380L, 1841877610L, -367575851L, -58959249L, 84397942L, 
117919904L, 1926875491L, -2002261503L, 1520867696L, 1920370958L, 
-494265479L, -513371381L, -1584063430L, -1692140740L, 1021177983L, 
1659311061L, -1235173908L, -1896132798L, -1993625443L, 2135648535L, 
779575422L, 1572730936L, -1424879845L, -565552007L, -1551809336L, 
-514497290L, 2121332017L, 508585315L, 1831757618L, -2025607036L, 
156159175L, -315695203L, 802564884L, 1201060282L, 1645170693L, 
-1133885985L, 1264982118L, 851011568L, 1988899091L, 802254513L, 
1298565472L, -1271832834L, -147424631L, 1937626555L, -468815990L, 
-1638476180L, -196007953L, 1941659685L, -1688014628L, 1971017394L, 
1677547949L, -1508545177L, -49177970L, -149159064L, 193895275L, 
1929381129L, 604289944L, 1186740934L, 408821793L, -252353357L, 
874386978L, 888629268L, -366490473L, -1780406643L, 1163724708L, 
-564545142L, 1318241781L, -1520650161L, -1929547946L, 1839351296L, 
1381439299L, -654094623L, -1988195248L, -453831506L, -2055417767L, 
1056264299L, -1851152934L, 484232860L, -1557651297L, 1462614773L, 
-521828468L, 1859683938L, 1877973565L, -770472777L, -115688610L, 
-269558120L, -1358897669L, 492027801L, -158156760L, 532865238L, 
62334289L, 1020417027L, -51979374L, 2062055716L, 1576517607L, 
792175677L, -2016431436L, 463618330L, -1077382555L, -1221421313L, 
-1522824314L, -686371568L, 133309875L, 1686935121L, -1437182464L, 
-1917848866L, -1433247447L, 6163675L, -373228566L, 1546275724L, 
-1763308337L, 2065609861L, -1840840900L, -1646002670L, -1510875891L, 
909846087L, 1196907566L, -125140600L, -1678960501L, -1574391191L, 
986328632L, -258119962L, 1493516929L, 82275859L, -1282188862L, 
1557631604L, 181515383L, -1590370963L, 1702969860L, -557670102L, 
1976571541L, -1891943121L, 1616169014L, -1141711776L, 1754632867L, 
-826767935L, 1176375728L, -915025714L, -533131719L, 787869771L, 
-2109718022L, 853048572L, -2040049345L, -537530859L, 1149545772L, 
-871211518L, -1539095331L, -283222057L, -1183515970L, -831390472L, 
-46865701L, 1399019833L, -1682571956L, 1326640608L, 1134891938L, 
34593704L, 731810956L, 837223356L, -2046423950L, -1995118608L, 
673666116L, 171051096L, 474161210L, 1872949360L, 790332988L, 
894469908L, -934618430L, 2092294880L, -1024217988L, -270512944L, 
344824738L, -2022560216L, -778712820L, 1888360380L, -1018218190L, 
222240960L, -2013736396L, -206689592L, 1267075770L, -1209461616L, 
-558885140L, -960872876L, -1104124270L, 1587095328L, -1910368308L, 
725942496L, 511696578L, -712379352L, 1347476396L, 1144666812L, 
-989599246L, -183519696L, 1660229540L, 1274630584L, -993213606L, 
1194054800L, 1655630716L, -1642936556L, -700011198L, 1919700736L, 
1513247676L, -1138733232L, -1890981598L, -269098424L, -1883344884L, 
-67103652L, -1582222894L, 1502060032L, 1920926036L, -724651800L, 
-1464622854L, -1951127856L, 256201004L, -1318952716L, -1342599790L, 
-111363744L, 105658380L, -192789792L, 421505634L, 240575144L, 
632244812L, 1504866172L, -10267342L, -510704016L, -630402236L, 
1379583960L, -1948858502L, -1822575056L, 427108284L, 611333716L, 
-684601278L, -1152937824L, 529741500L, -168801840L, -1999494302L, 
-515808536L, 1506795724L, 739779068L, -347639310L, 1077922432L, 
-460890636L, -1613957496L, 672694074L, 1533629264L, -608408468L, 
1506640276L, 1831285842L, -1447566880L, 1605156044L, 1062347936L, 
-1339599486L, 977553640L, -1257392404L, -123873988L, 441601138L, 
-1899534224L, -1705164764L, -992433096L, -823128294L, -330019632L, 
1654693692L, -909097068L, -1391185022L, -1228265024L, 24198716L, 
-766524016L, 2102107682L, -1598872312L, -670200180L, 1032093468L, 
1316987026L, 219494784L, -1222056428L, 1067679528L, 1802959418L, 
1711062480L, 1775970668L, -1474870348L, -354404334L, 1331197408L, 
-470079540L, -870416160L, 524875810L, -1787502296L, 1905712652L, 
-23599300L, -1473174542L, -1189414160L, 1047039556L, 1948385880L, 
-2036043974L, -1599805968L, -1096673604L, -146966252L, -922828094L, 
1343722592L, 1381589884L, -1444939824L, -1406934750L, 866818728L, 
-1229218932L, 2130000060L, 901533490L, 400525888L, 1495096500L, 
951485000L, 1412621754L, 245916176L, 1942336236L, -159686316L, 
-358293230L, 1085853088L, -182517044L, 238673504L, 611858370L, 
1773782824L, 333033388L, -1092730052L, 1277176178L, 1511021360L, 
761842980L, -875877576L, 430112474L, 2027521936L, 1117310716L, 
1540959124L, -789118910L, 1152218368L, -133299140L, -1664695984L, 
174035106L, 1310130504L, -249080052L, 2083562204L, 1725951314L, 
1060553856L, 1475379284L, 1770622952L, 1230899450L, 145107792L, 
-821379284L, 44960116L, 914729874L, -1912633248L, -107483764L, 
1307188064L, -1396172318L, -1645677656L, -1404341044L, -930127876L, 
637511090L, 608753136L, 1257950148L, -94911144L, -1473259142L, 
-1855487056L, -1948489284L, -290154412L, -490145854L, -2128023520L, 
-1828742980L, -513379760L, -1564118046L, -1550434200L, -690174900L, 
1036237052L, 1758284786L, 65489152L, 468558196L, 1183165448L, 
-1417125958L, -1043320368L, -601687060L, 671351188L, -116878894L, 
113406304L, -467390644L, 840104224L, 509034370L, 542478124L, 
1175830842L, -562929681L, 1103948409L, -1406026482L, 1056363740L, 
261614413L, -449404233L, -1424822208L, 2078691614L, -846095381L, 
463202157L, -116142630L, 1049894808L, 1375415809L, 2086182835L, 
287739604L, -373975070L, -2020525449L, -527727679L, 372465990L, 
1907413124L, 1826412085L, 1931288095L, 596429176L, -827242410L, 
-28359453L, -668650843L, 219737922L, -381866704L, 1504857433L, 
1735106251L, 596670268L, 1830788970L, -683496033L, -319536087L, 
-1831954754L, 77600684L, 1623506173L, -1812420537L, -1524902096L, 
1769869390L, 458964091L, 1938468829L, -394658294L, -180878552L, 
1312566673L, 1451348867L, -58648444L, -1390758222L, 311282183L, 
-1599776175L, 61043158L, -782132044L, 726657221L, 821950991L, 
-112045432L, -2094020698L, 944926547L, -2124500811L, -340824558L, 
-285258784L, 1106165321L, -105177989L, -21488308L, -1795282726L, 
-11069233L, 1719837849L, -2095429458L, 1182807484L, 46501421L, 
-949302825L, 1587732512L, 576275838L, 489061195L, -60473011L, 
-1395581062L, 895218104L, 1327199073L, -871513325L, -421291212L, 
-1024181950L, 688725335L, -460801887L, -37367450L, 286393188L, 
892906133L, 921562047L, 1320959832L, -1418848906L, -518867069L, 
1897352645L, 261477090L, 642358096L, -1731795335L, -630666837L, 
-2119295204L, 1179297866L, 1838505023L, 1142340745L, 1060280478L, 
-304368308L, -1436387L, -1308692313L, 1710014416L, -1102203026L, 
14220827L, -2040543363L, -156529302L, -1268521976L, 1608019121L, 
-905606365L, -1206618076L, -1777206574L, -1548603609L, -96325263L, 
613791670L, 136375124L, -1276283419L, 23089135L, 161623848L, 
1110235014L, -1305041997L, 1919812373L, -1574675086L, -500129344L, 
957133353L, 100480667L, 348970860L, -1949988998L, -148791121L, 
-1175364679L, -2067878450L, -1110058724L, 107662477L, -1876573961L, 
-788861952L, 1114246750L, 872362283L, -1853763027L, 287986330L, 
-1852625320L, 983609793L, 811474547L, -341288044L, -1305767390L, 
83868983L, 402193409L, 73982214L, 1818879300L, -1871730571L, 
